0 134.500
1 201.000
2 157.500
3 127.500
4 169.500
5 168.000
6 211.000
7 553.000
8 894.000
9 1272.000
10 1786.500
11 1567.000
12 1024.000
13 1024.000
14 1024.000
15 1024.000
16 1024.000
17 1024.000
18 1024.000
19 1024.000
20 1024.000
21 1024.000
22 1024.000
23 1024.000
24 1024.000
25 1024.000
26 1024.000
27 1024.000
28 1024.000
29 1024.000
30 1024.000
31 1024.000
32 1024.000
33 1024.000
34 1024.000
35 1024.000
36 1024.000
37 1024.000
38 1024.000
39 1024.000
40 1024.000
41 1024.000
42 1024.000
43 1024.000
44 1024.000
45 1024.000
46 1024.000
47 1024.000
48 1024.000
49 1024.000
50 1024.000
51 1024.000
52 1024.000
53 1024.000
54 1024.000
55 1024.000
56 1024.000
57 1024.000
58 1024.000
59 1024.000
60 1024.000
61 1024.000
62 1024.000
63 1024.000
64 1024.000
65 1024.000
66 1024.000
67 1024.000
68 1024.000
69 1024.000
70 1024.000
71 1024.000
72 1024.000
73 1024.000
74 1024.000
75 1024.000
76 1024.000
77 1024.000
78 1024.000
79 1024.000
80 1024.000
81 1024.000
82 1024.000
83 1024.000
84 1024.000
85 1024.000
86 1024.000
87 1024.000
88 1024.000
89 1024.000
90 1024.000
91 588.500
92 774.000
93 631.500
94 678.500
95 771.500
96 755.000
97 793.500
98 982.500
99 1002.500
100 1124.500
101 1040.000
102 1024.000
103 1024.000
104 659.500
105 620.500
106 632.500
107 685.500
108 644.000
109 643.000
110 688.000
111 899.500
112 1069.000
113 1116.000
114 1085.000
115 1024.000
116 1024.000
117 558.000
118 670.500
119 735.500
120 792.000
121 759.500
122 718.500
123 862.000
124 957.000
125 1110.000
126 1099.000
127 1024.000
128 1024.000
129 1024.000
130 488.000
131 582.000
132 586.000
133 565.000
134 623.500
135 552.000
136 629.500
137 982.500
138 993.500
139 1165.500
140 1201.000
141 1040.000
142 1024.000
143 518.000
144 633.000
145 568.000
146 629.500
147 578.500
148 563.500
149 634.500
150 835.500
151 1051.500
152 1278.000
153 1226.000
154 1040.000
155 1024.000
156 608.000
157 564.500
158 573.000
159 606.500
160 668.000
161 620.500
162 633.500
163 892.500
164 1100.500
165 1323.500
166 1299.000
167 1040.000
168 1024.000
169 466.500
170 586.500
171 516.000
172 544.000
173 541.000
174 620.000
175 773.000
176 831.000
177 1024.500
178 1370.000
179 1476.500
180 1099.000
181 1024.000
182 621.500
183 648.000
184 620.500
185 753.500
186 695.000
187 717.500
188 932.000
189 911.000
190 1084.000
191 1094.000
192 1040.000
193 1024.000
194 1024.000
195 616.000
196 616.500
197 580.000
198 640.500
199 697.500
200 659.500
201 715.000
202 855.500
203 1053.000
204 1155.000
205 1070.500
206 1024.000
207 1024.000
208 605.500
209 635.500
210 663.500
211 711.000
212 657.000
213 734.500
214 826.000
215 822.000
216 1052.000
217 1126.500
218 1055.500
219 1024.000
220 1024.000
221 533.500
222 503.000
223 643.000
224 601.000
225 534.000
226 583.500
227 667.000
228 710.500
229 1038.000
230 1272.000
231 1145.500
232 1055.500
233 1024.000
234 518.500
235 592.000
236 606.000
237 629.000
238 554.500
239 636.000
240 615.000
241 873.000
242 942.000
243 1384.000
244 1126.000
245 1070.500
246 1024.000
247 539.500
248 521.000
249 607.000
250 556.000
251 510.000
252 571.500
253 561.500
254 776.000
255 903.000
256 1205.000
257 1337.500
258 1040.000
259 1024.000
260 501.000
261 482.000
262 482.000
263 495.500
264 494.000
265 487.000
266 637.000
267 581.000
268 1053.500
269 1278.000
270 1442.500
271 1138.000
272 1024.000
273 648.000
274 830.000
275 676.500
276 712.500
277 704.500
278 822.000
279 841.500
280 1069.000
281 1357.500
282 1055.500
283 1024.000
284 1024.000
285 1024.000
286 651.500
287 632.000
288 500.000
289 629.500
290 559.500
291 758.500
292 805.000
293 1069.500
294 1313.500
295 1209.000
296 1070.500
297 1024.000
298 1024.000
299 523.000
300 812.500
301 647.000
302 537.500
303 571.000
304 653.000
305 816.500
306 1063.500
307 1122.000
308 1249.500
309 1055.500
310 1024.000
311 1024.000
312 303.500
313 613.500
314 623.000
315 524.000
316 661.000
317 675.000
318 888.500
319 1171.000
320 1260.500
321 1419.000
322 1055.500
323 1024.000
324 1024.000
325 231.500
326 479.500
327 518.000
328 492.500
329 526.500
330 560.000
331 814.500
332 1052.000
333 1259.500
334 1450.500
335 1099.000
336 1024.000
337 1024.000
338 270.500
339 361.000
340 464.000
341 446.500
342 438.000
343 657.500
344 689.000
345 1126.500
346 1395.000
347 1516.500
348 1184.500
349 1024.000
350 1024.000
351 244.500
352 467.000
353 376.000
354 479.000
355 319.000
356 450.000
357 568.000
358 1184.000
359 1257.500
360 1478.500
361 1506.500
362 1024.000
363 1024.000
364 450.500
365 765.000
366 615.000
367 788.500
368 771.000
369 665.500
370 946.500
371 1160.500
372 1240.500
373 1040.000
374 1070.500
375 1024.000
376 1024.000
377 423.000
378 528.500
379 644.500
380 626.000
381 517.000
382 521.500
383 759.500
384 1074.000
385 1366.500
386 1184.500
387 1024.000
388 1024.000
389 1024.000
390 373.500
391 647.500
392 649.000
393 551.000
394 597.000
395 650.000
396 861.000
397 973.000
398 1296.500
399 1247.000
400 1055.500
401 1024.000
402 1024.000
403 276.000
404 334.000
405 429.500
406 471.500
407 574.500
408 705.500
409 750.000
410 1131.500
411 1248.000
412 1459.500
413 1040.000
414 1024.000
415 1024.000
416 207.500
417 353.500
418 413.000
419 318.500
420 417.500
421 311.000
422 697.500
423 1100.000
424 1497.000
425 1490.000
426 1112.500
427 1024.000
428 1024.000
429 181.000
430 360.000
431 307.000
432 327.500
433 255.500
434 437.000
435 533.500
436 957.000
437 1416.500
438 1542.500
439 1112.500
440 1024.000
441 1024.000
442 242.000
443 160.000
444 249.000
445 339.500
446 445.500
447 225.500
448 627.500
449 739.000
450 1282.500
451 1622.000
452 1278.000
453 1024.000
454 1024.000
455 839.500
456 999.000
457 945.500
458 895.000
459 930.500
460 994.000
461 1022.000
462 1077.000
463 1055.500
464 1024.000
465 1024.000
466 1024.000
467 1024.000
468 619.500
469 823.500
470 800.500
471 867.000
472 844.500
473 879.000
474 1137.000
475 1192.000
476 1112.500
477 1024.000
478 1024.000
479 1024.000
480 1024.000
481 654.500
482 922.500
483 826.000
484 866.500
485 806.000
486 794.500
487 1171.500
488 1122.500
489 1203.500
490 1055.500
491 1024.000
492 1024.000
493 1024.000
494 562.000
495 987.500
496 872.500
497 776.500
498 738.000
499 931.500
500 981.000
501 1354.500
502 1291.500
503 1195.000
504 1024.000
505 1024.000
506 1024.000
507 454.000
508 796.000
509 702.500
510 709.000
511 664.000
512 637.500
513 1045.500
514 1330.500
515 1547.500
516 1244.000
517 1024.000
518 1024.000
519 1024.000
520 337.000
521 455.500
522 653.000
523 490.500
524 646.500
525 611.000
526 906.000
527 1397.500
528 1551.500
529 1381.000
530 1024.000
531 1024.000
532 1024.000
533 212.000
534 483.500
535 417.500
536 437.500
537 465.500
538 459.500
539 573.500
540 1352.500
541 1593.000
542 1670.000
543 1040.000
544 1024.000
545 1024.000
546 1006.500
547 1286.000
548 1100.000
549 951.500
550 860.500
551 993.500
552 1018.500
553 1116.000
554 1040.000
555 1040.000
556 1024.000
557 1024.000
558 1024.000
559 949.500
560 1232.000
561 936.000
562 942.500
563 949.500
564 896.000
565 1124.500
566 1154.500
567 1112.500
568 1055.500
569 1024.000
570 1024.000
571 1024.000
572 1134.500
573 1263.500
574 938.500
575 878.500
576 812.500
577 933.000
578 1003.500
579 1344.500
580 1216.500
581 1055.500
582 1024.000
583 1024.000
584 1024.000
585 749.500
586 1349.500
587 917.000
588 900.500
589 837.000
590 812.500
591 1144.500
592 1396.000
593 1516.000
594 1184.500
595 1024.000
596 1024.000
597 1024.000
598 595.000
599 930.500
600 969.000
601 867.000
602 780.500
603 856.000
604 1066.500
605 1390.500
606 1594.000
607 1301.000
608 1024.000
609 1024.000
610 1024.000
611 322.500
612 572.000
613 734.500
614 532.000
615 638.000
616 479.500
617 1000.500
618 1388.000
619 1717.500
620 1393.000
621 1024.000
622 1024.000
623 1024.000
624 301.000
625 433.000
626 842.500
627 608.500
628 551.500
629 597.500
630 1049.000
631 1514.500
632 1608.500
633 1231.500
634 1024.000
635 1024.000
636 1024.000
637 1203.500
638 1545.500
639 1087.500
640 1007.500
641 1070.500
642 1024.000
643 1024.000
644 1024.000
645 1024.000
646 1024.000
647 1024.000
648 1024.000
649 1024.000
650 1294.500
651 1724.500
652 1456.000
653 1093.500
654 1070.500
655 1024.000
656 1024.000
657 1024.000
658 1024.000
659 1024.000
660 1024.000
661 1024.000
662 1024.000
663 1455.500
664 1696.000
665 1374.500
666 1197.000
667 1119.000
668 1055.500
669 1039.500
670 1040.000
671 1024.000
672 1024.000
673 1024.000
674 1024.000
675 1024.000
676 1009.500
677 1757.000
678 1518.500
679 1220.500
680 1235.500
681 1152.000
682 1259.000
683 1125.500
684 1040.000
685 1024.000
686 1024.000
687 1024.000
688 1024.000
689 830.000
690 1524.000
691 1369.500
692 1249.500
693 1177.000
694 1096.500
695 1247.500
696 1412.500
697 1162.000
698 1024.000
699 1024.000
700 1024.000
701 1024.000
702 549.000
703 1013.000
704 1053.500
705 1206.500
706 1026.500
707 1094.000
708 1212.500
709 1406.500
710 1450.000
711 1040.000
712 1024.000
713 1024.000
714 1024.000
715 335.500
716 768.500
717 955.500
718 913.000
719 859.500
720 1047.000
721 1266.500
722 1554.500
723 1474.000
724 1070.500
725 1024.000
726 1024.000
727 1024.000
728 794.500
729 693.000
730 222.500
731 164.000
732 208.000
733 109.500
734 235.500
735 208.000
736 263.500
737 528.500
738 1001.000
739 1461.500
740 1485.000
741 1273.000
742 1018.000
743 1012.500
744 948.000
745 926.000
746 993.000
747 1007.500
748 977.500
749 1008.500
750 1055.500
751 1024.000
752 1024.000
753 1024.000
754 1145.500
755 885.000
756 813.000
757 874.000
758 869.000
759 864.000
760 932.000
761 1011.000
762 976.500
763 1087.000
764 1024.000
765 1024.000
766 1024.000
767 761.500
768 792.000
769 728.000
770 594.500
771 667.500
772 641.500
773 626.000
774 965.000
775 993.500
776 1053.500
777 1102.000
778 1024.000
779 1024.000
780 615.000
781 495.000
782 529.500
783 431.500
784 467.500
785 543.000
786 710.000
787 708.000
788 983.500
789 1052.500
790 1167.500
791 1040.000
792 1024.000
793 309.000
794 336.500
795 234.000
796 310.500
797 350.500
798 263.500
799 387.500
800 639.500
801 1092.500
802 1052.500
803 1192.000
804 1086.500
805 1024.000
806 266.500
807 123.000
808 109.000
809 155.000
810 158.000
811 151.000
812 191.000
813 409.000
814 671.000
815 1080.500
816 1695.000
817 1549.500
818 1144.000
819 1558.000
820 1131.000
821 1054.500
822 1008.000
823 1008.000
824 1008.000
825 1040.000
826 1024.000
827 1024.000
828 1024.000
829 1024.000
830 1024.000
831 1024.000
832 1189.500
833 1146.500
834 972.000
835 964.000
836 980.000
837 1009.500
838 1039.500
839 1008.000
840 1040.000
841 1024.000
842 1024.000
843 1024.000
844 1024.000
845 1045.500
846 1051.000
847 980.500
848 966.500
849 981.500
850 992.500
851 1053.500
852 1040.000
853 1024.000
854 1024.000
855 1024.000
856 1024.000
857 1024.000
858 964.000
859 928.000
860 766.500
861 926.000
862 788.500
863 921.500
864 958.000
865 1136.500
866 1070.500
867 1024.000
868 1024.000
869 1024.000
870 1024.000
871 485.000
872 548.000
873 683.000
874 738.000
875 684.000
876 851.500
877 1076.000
878 1023.500
879 1162.500
880 1040.000
881 1024.000
882 1024.000
883 1024.000
884 290.500
885 358.000
886 431.000
887 504.000
888 497.500
889 529.500
890 709.000
891 1232.000
892 1156.500
893 1116.000
894 1040.000
895 1024.000
896 1024.000
897 135.500
898 151.500
899 77.500
900 215.000
901 132.500
902 238.500
903 185.000
904 578.000
905 930.000
906 1482.000
907 1535.000
908 1263.500
909 1024.000
910 1586.000
911 938.000
912 1070.000
913 1055.500
914 1008.000
915 1040.000
916 1024.000
917 1024.000
918 1024.000
919 1024.000
920 1024.000
921 1024.000
922 1024.000
923 1220.500
924 974.000
925 1013.500
926 935.500
927 979.500
928 1071.000
929 1008.000
930 1008.000
931 1040.000
932 1024.000
933 1024.000
934 1024.000
935 1024.000
936 1074.000
937 1020.500
938 867.000
939 940.000
940 938.500
941 1009.000
942 1009.000
943 1009.000
944 1055.500
945 1024.000
946 1024.000
947 1024.000
948 1024.000
949 764.000
950 806.000
951 655.000
952 783.000
953 806.500
954 800.500
955 937.500
956 1126.500
957 1024.500
958 1071.500
959 1024.000
960 1024.000
961 1024.000
962 394.500
963 500.500
964 622.500
965 563.500
966 608.500
967 663.500
968 753.500
969 1089.000
970 1199.000
971 1101.000
972 1040.000
973 1024.000
974 1024.000
975 225.000
976 438.500
977 373.500
978 297.000
979 432.000
980 528.000
981 705.000
982 1240.500
983 1275.000
984 1145.000
985 1040.000
986 1024.000
987 1024.000
988 70.500
989 160.000
990 139.500
991 181.000
992 137.500
993 173.500
994 277.500
995 684.500
996 1290.500
997 1696.500
998 1584.500
999 1024.000
1000 1024.000
1001 1328.500
1002 1148.000
1003 991.500
1004 1036.000
1005 1009.500
1006 1025.000
1007 1055.500
1008 1024.000
1009 1024.000
1010 1024.000
1011 1024.000
1012 1024.000
1013 1024.000
1014 1121.500
1015 1205.500
1016 913.000
1017 956.500
1018 962.000
1019 945.500
1020 979.000
1021 931.500
1022 1116.500
1023 1024.000
1024 1024.000
1025 1024.000
1026 1024.000
1027 1138.000
1028 1104.000
1029 882.000
1030 891.000
1031 841.000
1032 926.000
1033 1024.000
1034 1024.000
1035 1086.500
1036 1024.000
1037 1024.000
1038 1024.000
1039 1024.000
1040 688.000
1041 575.000
1042 794.000
1043 757.500
1044 920.500
1045 900.500
1046 1097.500
1047 1080.500
1048 1140.500
1049 1040.000
1050 1024.000
1051 1024.000
1052 1024.000
1053 212.500
1054 345.000
1055 440.500
1056 486.000
1057 497.000
1058 511.500
1059 1044.000
1060 1194.000
1061 1168.500
1062 1183.500
1063 1040.000
1064 1024.000
1065 1024.000
1066 150.500
1067 289.000
1068 265.500
1069 455.000
1070 412.500
1071 516.000
1072 877.500
1073 1142.500
1074 1514.000
1075 1192.000
1076 1071.500
1077 1024.000
1078 1024.000
1079 135.000
1080 185.000
1081 164.000
1082 169.000
1083 217.500
1084 287.000
1085 584.000
1086 890.000
1087 1463.500
1088 1882.500
1089 1339.500
1090 1040.000
1091 1024.000
1092 1434.000
1093 1275.000
1094 1098.000
1095 1008.500
1096 1049.500
1097 1008.500
1098 1024.000
1099 1040.000
1100 1024.000
1101 1024.000
1102 1024.000
1103 1024.000
1104 1024.000
1105 1167.500
1106 1116.000
1107 951.500
1108 1112.000
1109 1081.000
1110 933.500
1111 1055.000
1112 1008.500
1113 1056.000
1114 1024.000
1115 1024.000
1116 1024.000
1117 1024.000
1118 924.000
1119 1015.500
1120 891.000
1121 969.500
1122 1044.500
1123 921.500
1124 1024.500
1125 1114.500
1126 1040.000
1127 1024.000
1128 1024.000
1129 1024.000
1130 1024.000
1131 734.500
1132 702.000
1133 766.000
1134 707.500
1135 803.500
1136 765.000
1137 1063.500
1138 1128.500
1139 1252.000
1140 1040.000
1141 1024.000
1142 1024.000
1143 1024.000
1144 343.500
1145 393.000
1146 482.500
1147 741.000
1148 597.000
1149 704.500
1150 1083.500
1151 1459.000
1152 1382.000
1153 1102.000
1154 1024.000
1155 1024.000
1156 1024.000
1157 262.500
1158 353.500
1159 409.500
1160 603.500
1161 433.000
1162 587.000
1163 1023.000
1164 1526.500
1165 1661.500
1166 1186.500
1167 1024.000
1168 1024.000
1169 1024.000
1170 173.000
1171 332.000
1172 331.000
1173 261.000
1174 250.000
1175 416.500
1176 832.000
1177 1224.000
1178 1682.500
1179 1831.500
1180 1211.000
1181 1024.000
1182 1024.000
1183 1477.000
1184 1463.000
1185 1237.000
1186 980.500
1187 935.000
1188 1019.500
1189 1009.500
1190 1070.500
1191 1024.000
1192 1024.000
1193 1024.000
1194 1024.000
1195 1024.000
1196 1026.500
1197 1414.500
1198 1131.500
1199 891.500
1200 839.500
1201 847.500
1202 1044.000
1203 1085.500
1204 1040.500
1205 1040.000
1206 1024.000
1207 1024.000
1208 1024.000
1209 1001.000
1210 1082.000
1211 1024.500
1212 923.500
1213 967.000
1214 877.500
1215 989.500
1216 1086.000
1217 1086.500
1218 1040.000
1219 1024.000
1220 1024.000
1221 1024.000
1222 696.500
1223 741.000
1224 668.500
1225 784.000
1226 877.000
1227 648.000
1228 1057.500
1229 1212.500
1230 1266.500
1231 1086.000
1232 1055.500
1233 1024.000
1234 1024.000
1235 273.500
1236 451.500
1237 690.000
1238 626.000
1239 633.500
1240 716.000
1241 1227.000
1242 1409.500
1243 1470.500
1244 1230.000
1245 1056.000
1246 1024.000
1247 1024.000
1248 199.500
1249 455.000
1250 559.500
1251 693.000
1252 659.000
1253 605.500
1254 1066.000
1255 1770.000
1256 1595.500
1257 1384.500
1258 1083.000
1259 1040.000
1260 1024.000
1261 231.000
1262 263.000
1263 393.500
1264 618.000
1265 437.000
1266 555.500
1267 1014.000
1268 1384.000
1269 1790.000
1270 1806.500
1271 1205.000
1272 1040.000
1273 1024.000
1274 1494.000
1275 1677.500
1276 1417.000
1277 1070.500
1278 993.000
1279 1008.500
1280 1024.000
1281 1008.000
1282 1040.000
1283 1024.000
1284 1024.000
1285 1024.000
1286 1024.000
1287 1322.500
1288 1619.000
1289 1334.500
1290 1120.500
1291 1029.500
1292 980.000
1293 1040.500
1294 976.500
1295 1071.500
1296 1024.000
1297 1024.000
1298 1024.000
1299 1024.000
1300 1039.500
1301 1380.500
1302 1297.000
1303 1035.500
1304 976.500
1305 944.000
1306 1038.000
1307 1041.500
1308 1053.500
1309 1040.000
1310 1024.000
1311 1024.000
1312 1024.000
1313 818.500
1314 1135.000
1315 1120.500
1316 1166.000
1317 1036.500
1318 990.000
1319 1074.500
1320 1235.000
1321 1160.000
1322 1023.500
1323 1024.500
1324 1040.000
1325 1024.000
1326 641.000
1327 713.000
1328 985.000
1329 973.500
1330 1048.000
1331 1001.000
1332 1395.000
1333 1590.500
1334 1284.500
1335 1189.000
1336 1112.500
1337 1024.000
1338 1024.000
1339 323.000
1340 635.000
1341 595.500
1342 698.500
1343 758.000
1344 755.000
1345 1374.500
1346 1699.000
1347 1562.000
1348 1449.500
1349 1112.000
1350 1040.000
1351 1024.000
1352 271.500
1353 341.000
1354 377.500
1355 466.500
1356 558.000
1357 378.500
1358 873.500
1359 1277.500
1360 1637.000
1361 1798.000
1362 1451.000
1363 1081.000
1364 1040.000
1365 1531.000
1366 1982.000
1367 1361.000
1368 1055.500
1369 1024.000
1370 1024.000
1371 1024.000
1372 1024.000
1373 1024.000
1374 1024.000
1375 1024.000
1376 1024.000
1377 1024.000
1378 1162.000
1379 1889.000
1380 1689.500
1381 1173.500
1382 1055.500
1383 1024.000
1384 1024.000
1385 1024.000
1386 1024.000
1387 1024.000
1388 1024.000
1389 1024.000
1390 1024.000
1391 1190.500
1392 1623.000
1393 1762.500
1394 1386.000
1395 992.500
1396 1071.500
1397 1024.000
1398 1024.000
1399 1024.000
1400 1024.000
1401 1024.000
1402 1024.000
1403 1024.000
1404 974.000
1405 1687.500
1406 1580.000
1407 1463.000
1408 1350.500
1409 1138.500
1410 1168.000
1411 1070.500
1412 1024.000
1413 1024.000
1414 1024.000
1415 1024.000
1416 1024.000
1417 561.500
1418 1077.000
1419 1109.500
1420 1198.000
1421 1087.500
1422 1139.000
1423 1507.500
1424 1362.000
1425 1055.500
1426 1024.000
1427 1024.000
1428 1024.000
1429 1024.000
1430 423.000
1431 713.500
1432 702.500
1433 679.000
1434 798.000
1435 666.000
1436 1064.000
1437 1297.000
1438 1553.500
1439 1070.500
1440 1024.000
1441 1024.000
1442 1024.000
1443 286.000
1444 279.500
1445 295.000
1446 280.500
1447 487.500
1448 430.000
1449 781.500
1450 1049.000
1451 1773.500
1452 1675.500
1453 1086.500
1454 1024.000
1455 1024.000
1456 1090.000
1457 1583.500
1458 1206.000
1459 1070.500
1460 1024.000
1461 1024.000
1462 1024.000
1463 1024.000
1464 1024.000
1465 1024.000
1466 1024.000
1467 1024.000
1468 1024.000
1469 1024.000
1470 1024.000
1471 1024.000
1472 1024.000
1473 1024.000
1474 1024.000
1475 1024.000
1476 1024.000
1477 1024.000
1478 1024.000
1479 1024.000
1480 1024.000
1481 1024.000
1482 1024.000
1483 1024.000
1484 1024.000
1485 1024.000
1486 1024.000
1487 1024.000
1488 1024.000
1489 1024.000
1490 1024.000
1491 1024.000
1492 1024.000
1493 1024.000
1494 1024.000
1495 1024.000
1496 1024.000
1497 1024.000
1498 1024.000
1499 1024.000
1500 1024.000
1501 1024.000
1502 1024.000
1503 1024.000
1504 1024.000
1505 1024.000
1506 1024.000
1507 1024.000
1508 1024.000
1509 1024.000
1510 1024.000
1511 1024.000
1512 1024.000
1513 1024.000
1514 1024.000
1515 1024.000
1516 1024.000
1517 1024.000
1518 1024.000
1519 1024.000
1520 1024.000
1521 1024.000
1522 1024.000
1523 1024.000
1524 1024.000
1525 1024.000
1526 1024.000
1527 1024.000
1528 1024.000
1529 1024.000
1530 1024.000
1531 1024.000
1532 1024.000
1533 1024.000
1534 1024.000
1535 1024.000
1536 1024.000
1537 1024.000
1538 1024.000
1539 1024.000
1540 1024.000
1541 1024.000
1542 1024.000
1543 1024.000
1544 1024.000
1545 1024.000
1546 1024.000
1547 1100.000
1548 1193.500
1549 1024.000
1550 1024.000
1551 1024.000
1552 1024.000
1553 1024.000
1554 1024.000
1555 1024.000
1556 1024.000
1557 1024.000
1558 1024.000
1559 1024.000
1560 1087.000
1561 1070.000
1562 1055.500
1563 1024.000
1564 1024.000
1565 1024.000
1566 1024.000
1567 1024.000
1568 1024.000
1569 1024.000
1570 1024.000
1571 1024.000
1572 1024.000
1573 1024.000
1574 1040.000
1575 1024.000
1576 1024.000
1577 1024.000
1578 1024.000
1579 1024.000
1580 1024.000
1581 1024.000
1582 1024.000
1583 1024.000
1584 1024.000
1585 1024.000
1586 1024.000
1587 1024.000
1588 1024.000
1589 1024.000
1590 1024.000
1591 1024.000
1592 1024.000
1593 1024.000
1594 1024.000
1595 1024.000
1596 1024.000
1597 1024.000
1598 1024.000
1599 1024.000
1600 1024.000
1601 1024.000
1602 1024.000
1603 1024.000
1604 1024.000
1605 1024.000
1606 1024.000
1607 1024.000
1608 1024.000
1609 1024.000
1610 1024.000
1611 1024.000
1612 1024.000
1613 1024.000
1614 1024.000
1615 1024.000
1616 1024.000
1617 1024.000
1618 1024.000
1619 1024.000
1620 1024.000
1621 1024.000
1622 1024.000
1623 1024.000
1624 1024.000
1625 1024.000
1626 1024.000
1627 1024.000
1628 1024.000
1629 1024.000
1630 1024.000
1631 1024.000
1632 1024.000
1633 1024.000
1634 1024.000
1635 1024.000
1636 1024.000
1637 1024.000
1638 1008.000
1639 1070.000
1640 1055.500
1641 1024.000
1642 1024.000
1643 1024.000
1644 1024.000
1645 1024.000
1646 1024.000
1647 1024.000
1648 1024.000
1649 1024.000
1650 1024.000
1651 1024.000
1652 1071.500
1653 1024.000
1654 1024.000
1655 1024.000
1656 1024.000
1657 1024.000
1658 1024.000
1659 1024.000
1660 1024.000
1661 1024.000
1662 1024.000
1663 1024.000
1664 1024.000
1665 1024.000
1666 1024.000
1667 1024.000
1668 1024.000
1669 1024.000
1670 1024.000
1671 1024.000
1672 1024.000
1673 1024.000
1674 1024.000
1675 1024.000
1676 1024.000
1677 1024.000
1678 1024.000
1679 1024.000
1680 1024.000
1681 1024.000
1682 1024.000
1683 1024.000
1684 1024.000
1685 1024.000
1686 1024.000
1687 1024.000
1688 1024.000
1689 1024.000
1690 1024.000
1691 1024.000
1692 1024.000
1693 1024.000
1694 1024.000
1695 1024.000
1696 1024.000
1697 1024.000
1698 1024.000
1699 1024.000
1700 1024.000
1701 1024.000
1702 1024.000
1703 1024.000
1704 1024.000
1705 1024.000
1706 1024.000
1707 1024.000
1708 1024.000
1709 1024.000
1710 1024.000
1711 1024.000
1712 1024.000
1713 1024.000
1714 1024.000
1715 1024.000
1716 1024.000
1717 1024.000
1718 1024.000
1719 1024.000
1720 1024.000
1721 1024.000
1722 1024.000
1723 1024.000
1724 1024.000
1725 1024.000
1726 1024.000
1727 1024.000
1728 1024.000
1729 1024.000
1730 1024.000
1731 1024.000
1732 1024.000
1733 1024.000
1734 1024.000
1735 1024.000
1736 1024.000
1737 1024.000
1738 1024.000
1739 1024.000
1740 1024.000
1741 1024.000
1742 1040.000
1743 1056.000
1744 1024.000
1745 1024.000
1746 1024.000
1747 1024.000
1748 1024.000
1749 1024.000
1750 1024.000
1751 1024.000
1752 1024.000
1753 1024.000
1754 1024.000
1755 1024.000
1756 1055.500
1757 1024.000
1758 1024.000
1759 1024.000
1760 1024.000
1761 1024.000
1762 1024.000
1763 1024.000
1764 1024.000
1765 1024.000
1766 1024.000
1767 1024.000
1768 1024.000
1769 1024.000
1770 1024.000
1771 1024.000
1772 1024.000
1773 1024.000
1774 1024.000
1775 1024.000
1776 1024.000
1777 1024.000
1778 1024.000
1779 1024.000
1780 1024.000
1781 1024.000
1782 1024.000
1783 1024.000
1784 1024.000
1785 1024.000
1786 1024.000
1787 1024.000
1788 1024.000
1789 1024.000
1790 1024.000
1791 1024.000
1792 1024.000
1793 1024.000
1794 1024.000
1795 1024.000
1796 1024.000
1797 1024.000
1798 1024.000
1799 1024.000
1800 1024.000
1801 1024.000
1802 1024.000
1803 1024.000
1804 1024.000
1805 1024.000
1806 1024.000
1807 1024.000
1808 1024.000
1809 1024.000
1810 1024.000
1811 1024.000
1812 1024.000
1813 1024.000
1814 1024.000
1815 1024.000
1816 1024.000
1817 1024.000
1818 1024.000
1819 1024.000
1820 1024.000
1821 1024.000
1822 1024.000
1823 1024.000
1824 1024.000
1825 1024.000
1826 1024.000
1827 1024.000
1828 1024.000
1829 1024.000
1830 1024.000
1831 1024.000
1832 1024.000
1833 1024.000
1834 1024.000
1835 1024.000
1836 1024.000
1837 1024.000
1838 1024.000
1839 1024.000
1840 1024.000
1841 1024.000
1842 1024.000
1843 1024.000
1844 1024.000
1845 1024.000
1846 1024.000
1847 1024.000
1848 1024.000
1849 1024.000
1850 1024.000
1851 1024.000
1852 1024.000
1853 1024.000
1854 1024.000
1855 1024.000
1856 1024.000
1857 1024.000
1858 1024.000
1859 1024.000
1860 1024.000
1861 1024.000
1862 1024.000
1863 1024.000
1864 1024.000
1865 1024.000
1866 1024.000
1867 1024.000
1868 1024.000
1869 1024.000
1870 1024.000
1871 1024.000
1872 1024.000
1873 1024.000
1874 1024.000
1875 1024.000
1876 1024.000
1877 1024.000
1878 1024.000
1879 1024.000
1880 1024.000
1881 1024.000
1882 1024.000
1883 1024.000
1884 1024.000
1885 1024.000
1886 1024.000
1887 1024.000
1888 1024.000
1889 1024.000
1890 1024.000
1891 1024.000
1892 1024.000
1893 1024.000
1894 1024.000
1895 1024.000
1896 1024.000
1897 1024.000
1898 1024.000
1899 1024.000
1900 1024.000
1901 1024.000
1902 1024.000
1903 1024.000
1904 1024.000
1905 1024.000
1906 1024.000
1907 1024.000
1908 1024.000
1909 1024.000
1910 1024.000
1911 1024.000
1912 1024.000
1913 1024.000
1914 1024.000
1915 1024.000
1916 1024.000
1917 1024.000
1918 1024.000
1919 1024.000
1920 1024.000
1921 1024.000
1922 1024.000
1923 1024.000
1924 1024.000
1925 1024.000
1926 1024.000
1927 1024.000
1928 1024.000
1929 1024.000
1930 1024.000
1931 1024.000
1932 1024.000
1933 1024.000
1934 1024.000
1935 1024.000
1936 1024.000
1937 1024.000
1938 1024.000
1939 1024.000
1940 1024.000
1941 1024.000
1942 1024.000
1943 1024.000
1944 1024.000
1945 1024.000
1946 1024.000
1947 1024.000
1948 1024.000
1949 1024.000
1950 1024.000
1951 1024.000
1952 1024.000
1953 1024.000
1954 1024.000
1955 1024.000
1956 1024.000
1957 1024.000
1958 1024.000
1959 1024.000
1960 1024.000
1961 1024.000
1962 1024.000
1963 1024.000
1964 1024.000
1965 1024.000
1966 1024.000
1967 1024.000
1968 1024.000
1969 1024.000
1970 1024.000
1971 1024.000
1972 1024.000
1973 1024.000
1974 1024.000
1975 1024.000
1976 1024.000
1977 1024.000
1978 1024.000
1979 1024.000
1980 1024.000
1981 1024.000
1982 1024.000
1983 1024.000
1984 1024.000
1985 1024.000
1986 1024.000
1987 1024.000
1988 1024.000
1989 1024.000
1990 1024.000
1991 1024.000
1992 1024.000
1993 1024.000
1994 1024.000
1995 1024.000
1996 1024.000
1997 1024.000
1998 1024.000
1999 1024.000
2000 1024.000
2001 1024.000
2002 1024.000
2003 1024.000
2004 1024.000
2005 1024.000
2006 1024.000
2007 1024.000
2008 1024.000
2009 1024.000
2010 1024.000
2011 1024.000
2012 1024.000
2013 1024.000
2014 1024.000
2015 1024.000
2016 1024.000
2017 1024.000
2018 1024.000
2019 1024.000
2020 1024.000
2021 1024.000
2022 1024.000
2023 1024.000
2024 1024.000
2025 1024.000
2026 1024.000
2027 1024.000
2028 1024.000
2029 1024.000
2030 1024.000
2031 1024.000
2032 1024.000
2033 1024.000
2034 1024.000
2035 1024.000
2036 1024.000
2037 1024.000
2038 1024.000
2039 1024.000
2040 1024.000
2041 1024.000
2042 1024.000
2043 1024.000
2044 1024.000
2045 1024.000
2046 1024.000
2047 1024.000
2048 1024.000
2049 1024.000
2050 1024.000
2051 1024.000
2052 1024.000
2053 1024.000
2054 1024.000
2055 1024.000
2056 1024.000
2057 1024.000
2058 1024.000
2059 1024.000
2060 1024.000
2061 1024.000
2062 1024.000
2063 1024.000
2064 1024.000
2065 1024.000
2066 1024.000
2067 1024.000
2068 1024.000
2069 1024.000
2070 1024.000
2071 1024.000
2072 1024.000
2073 1024.000
2074 1024.000
2075 1024.000
2076 1024.000
2077 1024.000
2078 1024.000
2079 1024.000
2080 1024.000
2081 1024.000
2082 1024.000
2083 1024.000
2084 1024.000
2085 1024.000
2086 1024.000
2087 1024.000
2088 1024.000
2089 1024.000
2090 1024.000
2091 1024.000
2092 1024.000
2093 1024.000
2094 1024.000
2095 1024.000
2096 1024.000
2097 1024.000
2098 1024.000
2099 1024.000
2100 1024.000
2101 1024.000
2102 1024.000
2103 1024.000
2104 1024.000
2105 1024.000
2106 1024.000
2107 1024.000
2108 1024.000
2109 1024.000
2110 1024.000
2111 1024.000
2112 1024.000
2113 1024.000
2114 1024.000
2115 1024.000
2116 1024.000
2117 1024.000
2118 1024.000
2119 1024.000
2120 1024.000
2121 1024.000
2122 1024.000
2123 1024.000
2124 1024.000
2125 1024.000
2126 1024.000
2127 1024.000
2128 1024.000
2129 1024.000
2130 1024.000
2131 1024.000
2132 1024.000
2133 1024.000
2134 1024.000
2135 1024.000
2136 1024.000
2137 1024.000
2138 1024.000
2139 1024.000
2140 1024.000
2141 1024.000
2142 1024.000
2143 1024.000
2144 1024.000
2145 1024.000
2146 1024.000
2147 1024.000
2148 1024.000
2149 1024.000
2150 1024.000
2151 1024.000
2152 1024.000
2153 1024.000
2154 1024.000
2155 1024.000
2156 1024.000
2157 1024.000
2158 1024.000
2159 1024.000
2160 1024.000
2161 1024.000
2162 1024.000
2163 1024.000
2164 1024.000
2165 1024.000
2166 1024.000
2167 1024.000
2168 1024.000
2169 1024.000
2170 1024.000
2171 1024.000
2172 1024.000
2173 1024.000
2174 1024.000
2175 1024.000
2176 1024.000
2177 1024.000
2178 1024.000
2179 1024.000
2180 1024.000
2181 1024.000
2182 1024.000
2183 1024.000
2184 1516.500
2185 1397.500
2186 1240.500
2187 1206.500
2188 1047.500
2189 991.500
2190 1035.500
2191 1148.500
2192 1024.500
2193 1055.500
2194 1024.000
2195 1024.000
2196 1024.000
2197 1656.500
2198 1821.000
2199 1235.000
2200 1052.000
2201 958.000
2202 958.000
2203 1038.500
2204 1055.500
2205 1040.000
2206 1024.000
2207 1024.000
2208 1024.000
2209 1024.000
2210 1535.500
2211 1772.000
2212 1261.500
2213 1051.000
2214 1023.500
2215 1039.000
2216 1039.500
2217 1040.000
2218 1024.000
2219 1024.000
2220 1024.000
2221 1024.000
2222 1024.000
2223 1331.000
2224 1598.500
2225 1298.500
2226 1280.000
2227 1023.500
2228 1029.500
2229 994.000
2230 1085.000
2231 1024.000
2232 1024.000
2233 1024.000
2234 1024.000
2235 1024.000
2236 925.500
2237 1231.500
2238 1289.000
2239 1184.500
2240 1011.500
2241 1055.000
2242 1008.500
2243 1070.500
2244 1024.000
2245 1024.000
2246 1024.000
2247 1024.000
2248 1024.000
2249 805.500
2250 1021.000
2251 944.000
2252 953.000
2253 1055.500
2254 999.500
2255 1052.500
2256 1055.500
2257 1024.000
2258 1024.000
2259 1024.000
2260 1024.000
2261 1024.000
2262 958.000
2263 973.000
2264 1021.500
2265 1009.000
2266 1039.500
2267 1040.000
2268 1024.000
2269 1024.000
2270 1024.000
2271 1024.000
2272 1024.000
2273 1024.000
2274 1024.000
2275 1981.000
2276 1670.000
2277 1024.000
2278 1024.000
2279 1024.000
2280 1024.000
2281 1024.000
2282 1024.000
2283 1024.000
2284 1024.000
2285 1024.000
2286 1024.000
2287 1024.000
2288 1719.000
2289 1677.500
2290 1068.500
2291 1008.000
2292 1040.000
2293 1024.000
2294 1024.000
2295 1024.000
2296 1024.000
2297 1024.000
2298 1024.000
2299 1024.000
2300 1024.000
2301 1456.500
2302 1670.000
2303 1055.500
2304 1024.000
2305 1024.000
2306 1024.000
2307 1024.000
2308 1024.000
2309 1024.000
2310 1024.000
2311 1024.000
2312 1024.000
2313 1024.000
2314 1324.000
2315 1570.000
2316 1099.000
2317 1055.500
2318 1024.000
2319 1024.000
2320 1024.000
2321 1024.000
2322 1024.000
2323 1024.000
2324 1024.000
2325 1024.000
2326 1024.000
2327 1061.500
2328 1136.500
2329 1040.000
2330 1024.000
2331 1024.000
2332 1024.000
2333 1024.000
2334 1024.000
2335 1024.000
2336 1024.000
2337 1024.000
2338 1024.000
2339 1024.000
2340 1024.000
2341 1024.000
2342 1024.000
2343 1024.000
2344 1024.000
2345 1024.000
2346 1024.000
2347 1024.000
2348 1024.000
2349 1024.000
2350 1024.000
2351 1024.000
2352 1024.000
2353 1024.000
2354 1024.000
2355 1024.000
2356 1024.000
2357 1024.000
2358 1024.000
2359 1024.000
2360 1024.000
2361 1024.000
2362 1024.000
2363 1024.000
2364 1024.000
2365 1024.000
2366 1771.500
2367 1490.000
2368 1024.000
2369 1024.000
2370 1024.000
2371 1024.000
2372 1024.000
2373 1024.000
2374 1024.000
2375 1024.000
2376 1024.000
2377 1024.000
2378 1024.000
2379 1421.500
2380 1443.500
2381 1024.000
2382 1024.000
2383 1024.000
2384 1024.000
2385 1024.000
2386 1024.000
2387 1024.000
2388 1024.000
2389 1024.000
2390 1024.000
2391 1024.000
2392 1445.500
2393 1308.000
2394 1024.000
2395 1024.000
2396 1024.000
2397 1024.000
2398 1024.000
2399 1024.000
2400 1024.000
2401 1024.000
2402 1024.000
2403 1024.000
2404 1024.000
2405 1170.500
2406 1277.500
2407 1024.000
2408 1024.000
2409 1024.000
2410 1024.000
2411 1024.000
2412 1024.000
2413 1024.000
2414 1024.000
2415 1024.000
2416 1024.000
2417 1024.000
2418 1024.000
2419 1024.000
2420 1024.000
2421 1024.000
2422 1024.000
2423 1024.000
2424 1024.000
2425 1024.000
2426 1024.000
2427 1024.000
2428 1024.000
2429 1024.000
2430 1024.000
2431 1024.000
2432 1024.000
2433 1024.000
2434 1024.000
2435 1024.000
2436 1024.000
2437 1024.000
2438 1024.000
2439 1024.000
2440 1024.000
2441 1024.000
2442 1024.000
2443 1024.000
2444 1024.000
2445 1024.000
2446 1024.000
2447 1024.000
2448 1024.000
2449 1024.000
2450 1024.000
2451 1024.000
2452 1024.000
2453 1024.000
2454 1024.000
2455 1024.000
2456 1024.000
2457 1514.500
2458 1382.500
2459 1024.000
2460 1024.000
2461 1024.000
2462 1024.000
2463 1024.000
2464 1024.000
2465 1024.000
2466 1024.000
2467 1024.000
2468 1024.000
2469 1024.000
2470 1478.500
2471 1244.000
2472 1024.000
2473 1024.000
2474 1024.000
2475 1024.000
2476 1024.000
2477 1024.000
2478 1024.000
2479 1024.000
2480 1024.000
2481 1024.000
2482 1024.000
2483 1148.500
2484 1173.500
2485 1024.000
2486 1024.000
2487 1024.000
2488 1024.000
2489 1024.000
2490 1024.000
2491 1024.000
2492 1024.000
2493 1024.000
2494 1024.000
2495 1024.000
2496 1053.500
2497 1055.500
2498 1024.000
2499 1024.000
2500 1024.000
2501 1024.000
2502 1024.000
2503 1024.000
2504 1024.000
2505 1024.000
2506 1024.000
2507 1024.000
2508 1024.000
2509 1024.000
2510 1024.000
2511 1024.000
2512 1024.000
2513 1024.000
2514 1024.000
2515 1024.000
2516 1024.000
2517 1024.000
2518 1024.000
2519 1024.000
2520 1024.000
2521 1024.000
2522 1024.000
2523 1024.000
2524 1024.000
2525 1024.000
2526 1024.000
2527 1024.000
2528 1024.000
2529 1024.000
2530 1024.000
2531 1024.000
2532 1024.000
2533 1024.000
2534 1024.000
2535 1024.000
2536 1024.000
2537 1024.000
2538 1024.000
2539 1024.000
2540 1024.000
2541 1024.000
2542 1024.000
2543 1024.000
2544 1024.000
2545 1024.000
2546 1024.000
2547 1024.000
2548 1024.000
2549 1024.000
2550 1024.000
2551 1024.000
2552 1024.000
2553 1024.000
2554 1024.000
2555 1024.000
2556 1024.000
2557 1024.000
2558 1024.000
2559 1024.000
2560 1024.000
2561 1024.000
2562 1024.000
2563 1024.000
2564 1024.000
2565 1024.000
2566 1024.000
2567 1024.000
2568 1024.000
2569 1024.000
2570 1024.000
2571 1024.000
2572 1024.000
2573 1024.000
2574 1024.000
2575 1024.000
2576 1024.000
2577 1024.000
2578 1024.000
2579 1024.000
2580 1024.000
2581 1024.000
2582 1024.000
2583 1024.000
2584 1024.000
2585 1024.000
2586 1024.000
2587 1024.000
2588 1024.000
2589 1024.000
2590 1024.000
2591 1024.000
2592 1024.000
2593 1024.000
2594 1024.000
2595 1024.000
2596 1024.000
2597 1024.000
2598 1024.000
2599 1024.000
2600 1024.000
2601 1024.000
2602 1024.000
2603 1024.000
2604 1024.000
2605 1024.000
2606 1024.000
2607 1024.000
2608 1024.000
2609 1024.000
2610 1024.000
2611 1024.000
2612 1024.000
2613 1024.000
2614 1024.000
2615 1024.000
2616 1024.000
2617 1024.000
2618 1024.000
2619 1024.000
2620 1024.000
2621 1024.000
2622 1024.000
2623 1024.000
2624 1024.000
2625 1024.000
2626 1024.000
2627 1024.000
2628 1024.000
2629 1024.000
2630 1024.000
2631 1024.000
2632 1024.000
2633 1024.000
2634 1024.000
2635 1024.000
2636 1024.000
2637 1024.000
2638 1024.000
2639 1024.000
2640 1024.000
2641 1024.000
2642 1024.000
2643 1024.000
2644 1024.000
2645 1024.000
2646 1024.000
2647 1024.000
2648 1024.000
2649 1024.000
2650 1024.000
2651 1024.000
2652 1024.000
2653 1024.000
2654 1024.000
2655 1024.000
2656 1024.000
2657 1024.000
2658 1024.000
2659 1024.000
2660 1024.000
2661 1024.000
2662 1024.000
2663 1024.000
2664 1024.000
2665 1024.000
2666 1024.000
2667 1024.000
2668 1024.000
2669 1024.000
2670 1024.000
2671 1024.000
2672 1024.000
2673 1024.000
2674 1024.000
2675 1024.000
2676 1024.000
2677 1024.000
2678 1024.000
2679 1024.000
2680 1024.000
2681 1024.000
2682 1024.000
2683 1024.000
2684 1024.000
2685 1024.000
2686 1024.000
2687 1024.000
2688 1024.000
2689 1024.000
2690 1024.000
2691 1024.000
2692 1024.000
2693 1024.000
2694 1024.000
2695 1024.000
2696 1024.000
2697 1024.000
2698 1024.000
2699 1024.000
2700 1024.000
2701 1024.000
2702 1024.000
2703 1024.000
2704 1024.000
2705 1024.000
2706 1024.000
2707 1024.000
2708 1024.000
2709 1024.000
2710 1024.000
2711 1024.000
2712 1024.000
2713 1024.000
2714 1024.000
2715 1024.000
2716 1024.000
2717 1024.000
2718 1024.000
2719 1024.000
2720 1024.000
2721 1024.000
2722 1024.000
2723 1024.000
2724 1024.000
2725 1024.000
2726 1024.000
2727 1024.000
2728 1024.000
2729 1024.000
2730 1024.000
2731 1024.000
2732 1024.000
2733 1024.000
2734 1024.000
2735 1024.000
2736 1024.000
2737 1024.000
2738 1024.000
2739 1024.000
2740 1024.000
2741 1024.000
2742 1024.000
2743 1024.000
2744 1024.000
2745 1024.000
2746 1024.000
2747 1024.000
2748 1024.000
2749 1024.000
2750 1024.000
2751 1024.000
2752 1024.000
2753 1024.000
2754 1024.000
2755 1024.000
2756 1024.000
2757 1024.000
2758 1024.000
2759 1024.000
2760 1024.000
2761 1024.000
2762 1024.000
2763 1024.000
2764 1024.000
2765 1024.000
2766 1024.000
2767 1024.000
2768 1024.000
2769 1024.000
2770 1024.000
2771 1024.000
2772 1024.000
2773 1024.000
2774 1024.000
2775 1024.000
2776 1024.000
2777 1024.000
2778 1024.000
2779 1024.000
2780 1024.000
2781 1024.000
2782 1024.000
2783 1024.000
2784 1024.000
2785 1024.000
2786 1024.000
2787 1024.000
2788 1024.000
2789 1024.000
2790 1024.000
2791 1024.000
2792 1024.000
2793 1024.000
2794 1024.000
2795 1024.000
2796 1024.000
2797 1024.000
2798 1024.000
2799 1024.000
2800 1024.000
2801 1024.000
2802 1024.000
2803 1024.000
2804 1024.000
2805 1024.000
2806 1024.000
2807 1024.000
2808 1024.000
2809 1024.000
2810 1024.000
2811 1024.000
2812 1024.000
2813 1024.000
2814 1024.000
2815 1024.000
2816 1024.000
2817 1024.000
2818 1024.000
2819 1024.000
2820 1024.000
2821 1024.000
2822 1024.000
2823 1024.000
2824 1024.000
2825 1024.000
2826 1024.000
2827 1024.000
2828 1024.000
2829 1024.000
2830 1024.000
2831 1024.000
2832 1024.000
2833 1024.000
2834 1024.000
2835 1024.000
2836 1024.000
2837 1024.000
2838 1024.000
2839 1024.000
2840 1024.000
2841 1024.000
2842 1024.000
2843 1024.000
2844 1024.000
2845 1024.000
2846 1024.000
2847 1024.000
2848 1024.000
2849 1024.000
2850 1024.000
2851 1024.000
2852 1024.000
2853 1024.000
2854 1024.000
2855 1024.000
2856 1024.000
2857 1024.000
2858 1024.000
2859 1024.000
2860 1024.000
2861 1024.000
2862 1024.000
2863 1024.000
2864 1024.000
2865 1024.000
2866 1024.000
2867 1024.000
2868 1024.000
2869 1024.000
2870 1024.000
2871 1024.000
2872 1024.000
2873 1024.000
2874 1024.000
2875 1024.000
2876 1024.000
2877 1024.000
2878 1024.000
2879 1024.000
2880 1024.000
2881 1024.000
2882 1024.000
2883 1024.000
2884 1024.000
2885 1024.000
2886 1024.000
2887 1024.000
2888 1024.000
2889 1024.000
2890 1024.000
2891 1024.000
2892 1024.000
2893 1024.000
2894 1024.000
2895 1024.000
2896 1024.000
2897 1024.000
2898 1024.000
2899 1024.000
2900 1024.000
2901 1024.000
2902 1024.000
2903 1024.000
2904 1024.000
2905 1024.000
2906 1024.000
2907 1024.000
2908 1024.000
2909 1024.000
2910 1024.000
2911 1024.000
2912 151.500
2913 59.500
2914 31.000
2915 46.500
2916 34.500
2917 34.500
2918 36.500
2919 166.000
2920 2017.000
2921 1024.000
2922 1024.000
2923 1024.000
2924 1024.000
2925 1089.000
2926 1396.000
2927 1040.000
2928 1024.000
2929 1024.000
2930 1024.000
2931 1024.000
2932 1024.000
2933 1024.000
2934 1024.000
2935 1024.000
2936 1024.000
2937 1024.000
2938 429.500
2939 425.500
2940 431.000
2941 378.000
2942 377.500
2943 356.500
2944 356.500
2945 356.500
2946 378.500
2947 367.000
2948 1681.000
2949 1024.000
2950 1024.000
2951 1099.500
2952 1325.000
2953 1133.500
2954 1095.000
2955 1039.500
2956 1040.000
2957 1024.000
2958 1024.000
2959 1024.000
2960 1024.000
2961 1024.000
2962 1024.000
2963 1024.000
2964 138.500
2965 169.000
2966 145.000
2967 31.000
2968 46.000
2969 31.000
2970 148.500
2971 89.500
2972 224.500
2973 202.000
2974 219.000
2975 256.000
2976 2017.000
2977 1176.500
2978 900.500
2979 627.000
2980 965.500
2981 734.000
2982 849.000
2983 890.500
2984 1345.000
2985 1195.000
2986 1040.000
2987 1024.000
2988 1024.000
2989 1024.000
2990 185.000
2991 185.000
2992 185.000
2993 185.000
2994 185.000
2995 185.000
2996 185.000
2997 185.000
2998 185.000
2999 185.000
3000 185.000
3001 185.000
3002 866.000
3003 176.500
3004 565.000
3005 224.000
3006 365.500
3007 342.500
3008 271.000
3009 434.000
3010 793.000
3011 1096.500
3012 1479.500
3013 1365.500
3014 1055.500
3015 1024.000
3016 963.000
3017 963.000
3018 963.000
3019 963.000
3020 963.000
3021 963.000
3022 963.000
3023 963.000
3024 963.000
3025 963.000
3026 963.000
3027 963.000
3028 887.000
3029 345.000
3030 337.500
3031 337.500
3032 363.500
3033 345.500
3034 364.000
3035 401.500
3036 407.500
3037 516.500
3038 701.000
3039 855.000
3040 1289.000
3041 1269.000
3042 744.500
3043 1429.500
3044 1991.500
3045 1766.500
3046 1931.500
3047 2006.000
3048 1039.000
3049 1316.000
3050 1089.500
3051 1316.500
3052 1073.500
3053 1683.000
3054 1322.000
3055 1227.000
3056 1140.000
3057 1239.500
3058 765.500
3059 1025.500
3060 873.500
3061 1818.000
3062 1836.000
3063 934.000
3064 1560.000
3065 1019.500
3066 1145.000
3067 909.500
3068 1467.000
3069 901.000
3070 1298.000
3071 1120.000
3072 1156.000
3073 908.500
3074 1013.000
3075 939.500
3076 1948.500
3077 1978.000
3078 509.000
3079 1107.000
3080 968.500
3081 962.500
3082 812.500
3083 1706.000
3084 1652.000
3085 1104.500
3086 1046.500
3087 1131.500
3088 797.000
3089 1023.500
3090 566.000
3091 1837.500
3092 1784.500
3093 861.000
3094 1326.000
3095 958.000
3096 965.000
3097 809.000
3098 1297.000
3099 806.500
3100 1117.500
3101 1044.500
3102 968.500
3103 974.000
3104 881.500
3105 956.000
3106 1536.000
3107 1647.000
3108 1021.500
3109 1389.500
3110 1037.000
3111 1094.500
3112 1032.500
3113 1441.500
3114 854.000
3115 1009.000
3116 1195.500
3117 853.000
3118 957.500
3119 990.500
3120 976.500
3121 1292.500
3122 1310.500
3123 773.000
3124 1173.000
3125 1021.500
3126 1126.000
3127 1068.000
3128 1307.500
3129 897.500
3130 1309.500
3131 1240.500
3132 1097.500
3133 883.500
3134 893.000
3135 831.000
3136 1356.500
3137 1342.000
3138 694.500
3139 1210.000
3140 1009.500
3141 1069.500
3142 1026.500
3143 1254.000
3144 702.000
3145 928.500
3146 1223.500
3147 1093.000
3148 842.500
3149 893.000
3150 835.000
3151 1487.000
3152 1402.000
3153 797.500
3154 1293.500
3155 893.000
3156 1141.000
3157 913.500
3158 1379.000
3159 623.500
3160 1287.500
3161 1205.500
3162 1065.000
3163 908.000
3164 931.000
3165 996.500
3166 1375.500
3167 1390.000
3168 1126.500
3169 998.000
3170 1050.000
3171 1102.000
3172 1068.000
3173 1322.500
3174 763.000
3175 797.000
3176 1107.500
3177 978.000
3178 805.000
3179 994.500
3180 1030.000
3181 1390.000
3182 1236.500
3183 979.500
3184 1019.500
3185 1105.000
3186 1090.000
3187 867.500
3188 1357.000
3189 672.000
3190 1298.000
3191 1257.000
3192 1093.000
3193 1011.500
3194 966.500
3195 978.500
3196 1350.000
3197 1262.500
3198 834.500
3199 1016.500
3200 1146.000
3201 993.000
3202 863.500
3203 1258.500
3204 806.000
3205 1181.500
3206 1015.000
3207 1012.500
3208 972.000
3209 1056.000
3210 912.000
3211 1228.000
3212 1314.000
3213 924.000
3214 1115.000
3215 1078.000
3216 996.000
3217 794.000
3218 1477.000
3219 811.500
3220 979.500
3221 1113.500
3222 1033.500
3223 883.500
3224 1077.000
3225 844.000
3226 1470.500
3227 1580.000
3228 745.500
3229 1185.000
3230 1209.000
3231 1075.000
3232 1005.000
3233 1364.000
3234 1004.500
3235 1207.000
3236 1146.500
3237 822.000
3238 918.500
3239 873.000
3240 989.500
3241 1567.000
3242 1617.000
3243 878.000
3244 1084.000
3245 1053.500
3246 929.500
3247 1051.500
3248 1408.500
3249 943.500
3250 1233.000
3251 1149.500
3252 1231.500
3253 768.500
3254 803.000
3255 816.500
3256 1569.500
3257 1606.000
3258 804.500
3259 1014.000
3260 1213.000
3261 975.000
3262 834.500
3263 1581.500
3264 854.500
3265 1188.500
3266 1185.500
3267 1008.000
3268 1042.000
3269 813.500
3270 916.000
3271 1642.500
3272 1543.000
3273 611.500
3274 893.000
3275 1174.000
3276 930.500
3277 840.500
3278 1592.500
3279 938.000
3280 1219.000
3281 943.500
3282 1087.500
3283 848.500
3284 1023.500
3285 909.000
